01 01 01 01 01 01 01 01 01 01 01 01 01 01 01 01 01 01 01 01 01 01 01 01 01 01 01 01 01 01 01 01 01 01 01 01 01 01 01 01 01 01 01 01 01 01 01 01 01 01 01 01 01 01 01 01 01 01 01 01 01 01 01 01 01 01 01 01 01 01 01 01 01 01 01 01 01 01 01 01 01 01 01 01 01 01 01 01 01 01 01 01 01 01 01 01 01 01 01 01
01 01 01 01 01 01 01 01 01 01 01 01 01 01 01 01 01 01 01 01 01 01 01 01 01 01 01 01 01 01 01 01 01 01 01 01 01 01 01 01 01 01 01 01 01 01 01 01 01 01 01 01 01 01 01 01 01 01 01 01 01 01 01 01 01 01 01 01 01 01 01 01 01 01 01 01 01 01 01 01 01 01 01 01 01 01 01 01 01 01 01 01 01 01 01 01 01 01 01 01
01 01 01 01 01 01 01 01 01 01 01 01 01 01 01 01 01 01 01 01 01 01 01 01 01 01 01 01 01 01 01 01 01 01 01 01 01 01 01 01 01 01 01 01 01 01 01 01 01 01 01 01 01 01 01 01 01 01 01 01 01 01 01 01 01 01 01 01 01 01 01 01 01 01 01 01 01 01 01 01 01 01 01 01 01 01 01 01 01 01 01 01 01 01 01 01 01 01 01 01
01 01 01 01 01 01 01 01 01 01 01 01 01 01 01 01 01 01 01 01 01 01 01 01 01 01 01 01 01 01 01 01 01 01 01 01 01 01 01 01 01 01 01 01 01 01 01 01 01 01 01 01 01 01 01 01 01 01 01 01 01 01 01 01 01 01 01 01 01 01 01 01 01 01 01 01 01 01 01 01 01 01 01 01 01 01 01 01 01 01 01 01 01 01 01 01 01 01 01 01
01 01 01 01 01 01 01 01 01 01 01 01 01 01 01 01 01 01 01 01 01 01 01 01 01 01 01 01 01 01 01 01 01 01 01 01 01 01 01 01 01 01 01 01 01 01 01 01 01 01 01 01 01 01 01 01 01 01 01 01 01 01 01 01 01 01 01 01 01 01 01 01 01 01 01 01 01 01 01 01 01 01 01 01 01 01 01 01 01 01 01 01 01 01 01 01 01 01 01 01
01 01 01 01 01 01 01 01 01 01 01 01 01 01 01 01 01 01 01 01 01 01 01 01 01 01 01 01 01 01 01 01 01 01 01 01 01 01 01 01 01 01 01 01 01 01 01 01 01 01 01 01 01 01 01 01 01 01 01 01 01 01 01 01 01 01 01 01 01 01 01 01 01 01 01 01 01 01 01 01 01 01 01 01 01 01 01 01 01 01 01 01 01 01 01 01 01 01 01 01
01 01 01 01 01 01 01 01 01 01 01 01 01 01 01 01 01 01 01 01 01 01 01 01 01 01 01 01 01 01 01 01 01 01 01 01 01 01 01 01 01 01 01 01 01 01 01 01 01 01 01 01 01 01 01 01 01 01 01 01 01 01 01 01 01 01 01 01 01 01 01 01 01 01 01 01 01 01 01 01 01 01 01 01 01 01 01 01 01 01 01 01 01 01 01 01 01 01 01 01
01 01 01 01 01 01 01 01 01 01 01 01 01 01 01 01 01 01 01 01 01 01 01 01 01 01 01 01 01 01 01 01 01 01 01 01 01 01 01 01 01 01 01 01 01 01 01 01 01 01 01 01 01 01 01 01 01 01 01 01 01 01 01 01 01 01 01 01 01 01 01 01 01 01 01 01 01 01 01 01 01 01 01 01 01 01 01 01 01 01 01 01 01 01 01 01 01 01 01 01
01 01 01 01 01 01 01 01 01 01 01 01 01 01 01 01 01 01 01 01 01 01 01 01 01 01 01 01 01 01 01 01 01 01 01 01 01 01 01 01 01 01 01 01 01 01 01 01 01 01 01 01 01 01 01 01 01 01 01 01 01 01 01 01 01 01 01 01 01 01 01 01 01 01 01 01 01 01 01 01 01 01 01 01 01 01 01 01 01 01 01 01 01 01 01 01 01 01 01 01
01 01 01 01 01 01 01 01 01 01 01 01 01 01 01 01 01 01 01 01 01 01 01 01 01 01 01 01 01 01 01 01 01 01 01 01 01 01 01 01 01 01 01 01 01 01 01 01 01 01 01 01 01 01 01 01 01 01 01 01 01 01 01 01 01 01 01 01 01 01 01 01 01 01 01 01 01 01 01 01 01 01 01 01 01 01 01 01 01 01 01 01 01 01 01 01 01 01 01 01
01 01 01 01 01 01 01 01 01 01 02 02 02 02 02 02 02 02 02 02 02 02 02 02 02 02 02 02 02 02 02 02 02 02 02 02 02 02 02 02 02 02 02 02 02 02 02 02 02 02 02 02 02 02 02 02 02 02 02 02 02 02 02 02 02 02 02 02 02 02 02 02 02 02 02 02 02 02 02 02 02 02 02 02 02 02 02 02 02 02 01 01 01 01 01 01 01 01 01 01
01 01 01 01 01 01 01 01 01 01 02 05 05 05 05 05 05 05 05 05 05 05 05 05 05 05 05 05 05 05 05 05 05 05 05 05 05 05 05 05 05 05 05 05 05 05 05 05 05 05 05 05 05 05 05 05 05 05 05 05 05 05 05 05 05 05 05 05 05 05 05 05 05 05 05 05 02 02 02 02 02 02 02 02 02 02 02 02 02 02 01 01 01 01 01 01 01 01 01 01
01 01 01 01 01 01 01 01 01 01 02 05 15 13 13 13 13 13 13 13 13 13 13 13 13 13 13 13 13 13 13 13 13 16 05 05 14 14 14 14 14 21 10 20 13 13 13 13 13 16 05 05 05 05 18 14 14 14 14 14 14 14 14 14 14 14 14 14 14 14 21 10 12 05 05 05 02 02 02 02 02 02 02 02 02 02 02 02 02 02 01 01 01 01 01 01 01 01 01 01
01 01 01 01 01 01 01 01 01 01 02 05 11 10 10 10 10 10 10 10 10 10 10 10 10 10 10 10 10 10 10 10 10 12 05 05 05 05 05 05 05 11 10 10 10 10 10 10 10 12 05 05 05 05 05 05 05 05 05 05 05 05 05 05 05 05 05 05 05 05 11 10 12 05 05 05 02 02 02 02 02 02 02 02 02 02 02 02 02 02 01 01 01 01 01 01 01 01 01 01
01 01 01 01 01 01 01 01 01 01 02 05 11 10 22 14 14 14 14 14 14 14 14 14 14 14 14 14 14 14 14 21 10 12 05 15 13 13 13 13 13 19 10 22 14 14 21 10 10 12 03 05 05 05 05 05 05 05 05 05 05 05 05 05 05 05 05 05 05 05 11 10 12 05 05 05 02 02 02 02 02 02 02 02 02 02 02 02 02 02 01 01 01 01 01 01 01 01 01 01
01 01 01 01 01 01 01 01 01 01 02 05 11 10 12 05 05 05 05 05 05 05 05 05 05 05 05 05 05 05 05 11 10 12 05 11 10 10 10 10 10 10 10 12 03 05 11 10 10 20 13 13 13 13 13 13 13 13 13 13 13 13 13 13 13 13 13 13 16 05 11 10 12 05 05 05 02 02 02 02 02 02 02 02 02 02 02 02 02 02 01 01 01 01 01 01 01 01 01 01
01 01 01 01 01 01 01 01 01 01 02 05 11 10 12 05 03 03 06 03 08 03 07 03 03 03 03 03 03 03 05 11 10 12 05 11 10 22 14 14 14 14 14 17 09 05 11 10 10 10 10 10 10 10 10 10 10 10 10 10 10 10 10 10 10 10 10 10 12 05 11 10 12 05 05 05 02 02 02 02 02 02 02 02 02 02 02 02 02 02 01 01 01 01 01 01 01 01 01 01
01 01 01 01 01 01 01 01 01 01 02 05 11 10 12 05 08 03 03 03 03 03 07 03 03 03 03 06 03 09 05 11 10 12 05 11 10 12 05 05 05 05 05 05 05 05 11 10 10 22 14 14 14 14 14 14 14 14 14 14 14 14 14 14 14 14 21 10 12 05 11 10 12 05 05 05 02 02 02 02 02 02 02 02 02 02 02 02 02 02 01 01 01 01 01 01 01 01 01 01
01 01 01 01 01 01 01 01 01 01 02 05 11 10 12 05 15 13 13 13 13 13 13 13 13 13 13 13 13 13 13 19 10 12 05 11 10 12 05 05 05 10 10 10 10 05 11 10 10 12 05 05 05 05 05 05 05 05 05 05 05 05 05 05 05 05 11 10 12 05 11 10 12 05 05 05 02 02 02 02 02 02 02 02 02 02 02 02 02 02 01 01 01 01 01 01 01 01 01 01
01 01 01 01 01 01 01 01 01 01 02 05 11 10 12 05 11 10 10 10 10 10 10 10 10 10 10 10 10 10 10 10 10 12 05 11 10 12 05 05 05 10 05 05 10 05 11 10 10 20 13 13 13 13 13 13 13 13 13 13 13 13 13 13 16 05 11 10 12 05 11 10 12 05 05 05 02 02 02 02 02 02 02 02 02 02 02 02 02 02 01 01 01 01 01 01 01 01 01 01
01 01 01 01 01 01 01 01 01 01 02 05 11 10 12 05 11 10 22 14 14 14 14 14 14 14 14 14 14 14 14 21 10 12 05 11 10 12 05 05 05 10 05 05 10 05 11 10 10 10 10 10 10 10 10 10 10 10 10 10 10 10 10 10 12 05 11 10 12 05 11 10 12 05 05 05 02 02 02 02 02 02 02 02 02 02 02 02 02 02 01 01 01 01 01 01 01 01 01 01
01 01 01 01 01 01 01 01 01 01 02 05 11 10 12 05 11 10 12 09 03 06 08 07 03 09 07 06 06 05 05 11 10 12 05 11 10 12 05 05 22 14 05 05 10 05 11 10 10 22 14 14 14 14 14 14 14 14 14 14 14 14 21 10 12 05 11 10 12 05 11 10 12 05 05 05 02 02 02 02 02 02 02 02 02 02 02 02 02 02 01 01 01 01 01 01 01 01 01 01
01 01 01 01 01 01 01 01 01 01 02 05 11 10 12 05 11 10 12 03 08 07 09 07 08 06 03 03 08 05 05 11 10 20 13 19 10 12 05 05 12 05 05 05 10 05 11 10 10 12 05 05 05 05 05 05 05 05 05 05 05 05 11 10 12 05 11 10 12 05 11 10 12 05 05 05 02 02 02 02 02 02 02 02 03 03 02 02 02 02 01 01 01 01 01 01 01 01 01 01
01 01 01 01 01 01 01 01 01 01 02 05 11 10 12 05 11 10 20 13 13 13 13 13 13 13 13 13 16 05 05 11 10 10 10 10 10 12 05 05 12 05 10 10 10 05 11 10 10 20 13 13 13 13 13 13 16 05 05 05 05 05 11 10 12 05 11 10 12 05 11 10 12 05 05 05 02 02 02 02 02 02 02 02 03 03 02 02 02 02 01 01 01 01 01 01 01 01 01 01
01 01 01 01 01 01 01 01 01 01 02 05 11 10 12 05 11 10 10 10 10 10 10 10 10 10 10 10 12 05 05 11 10 22 14 14 14 17 05 05 12 05 05 05 05 05 11 10 10 10 10 10 10 10 10 10 20 13 13 13 13 13 19 10 12 05 11 10 12 05 11 10 12 05 05 05 02 02 02 02 02 02 02 02 03 03 02 02 02 02 01 01 01 01 01 01 01 01 01 01
01 01 01 01 01 01 01 01 01 01 02 05 11 10 12 05 18 14 14 14 14 14 14 14 14 14 14 14 17 05 05 11 10 12 05 05 05 05 05 05 20 13 13 13 13 13 19 10 10 10 10 10 10 10 10 10 10 10 10 10 10 10 10 10 12 05 11 10 12 05 11 10 12 05 05 05 02 02 02 02 02 02 02 02 03 03 02 02 02 02 01 01 01 01 01 01 01 01 01 01
01 01 01 01 01 01 01 01 01 01 02 05 11 10 12 05 05 05 05 05 05 05 05 05 05 05 05 05 05 05 05 11 10 12 05 05 05 05 05 05 10 22 14 14 14 14 14 14 14 14 14 14 14 21 10 10 22 14 14 14 14 14 14 14 17 05 11 10 12 05 11 10 12 05 05 05 02 02 02 02 02 02 02 02 03 03 02 02 02 02 01 01 01 01 01 01 01 01 01 01
01 01 01 01 01 01 01 01 01 01 02 05 11 10 20 13 13 13 13 13 13 13 13 13 13 13 13 13 13 13 13 19 10 20 13 16 05 05 05 05 10 12 05 05 05 05 05 05 05 05 05 05 05 11 10 10 12 05 05 05 05 05 05 05 05 05 11 10 12 05 11 10 12 05 05 05 02 02 02 02 02 02 02 02 03 03 02 02 02 02 01 01 01 01 01 01 01 01 01 01
01 01 01 01 01 01 01 01 01 01 02 05 11 10 10 10 10 10 10 10 10 10 10 10 10 10 10 10 10 10 10 10 10 10 10 12 05 05 05 05 10 20 13 13 13 13 13 13 13 13 13 16 05 11 10 10 12 05 15 13 13 13 13 13 13 13 19 10 12 05 11 10 12 05 05 05 02 02 02 02 02 02 02 02 03 03 02 02 02 02 01 01 01 01 01 01 01 01 01 01
01 01 01 01 01 01 01 01 01 01 02 05 18 14 14 14 14 14 14 14 14 14 14 14 14 14 14 14 14 14 14 14 14 21 10 12 05 05 05 05 10 10 10 10 10 10 10 10 10 10 10 12 05 11 10 10 12 05 11 10 10 10 10 10 10 10 10 10 12 05 11 10 12 05 05 05 02 02 02 02 02 02 02 02 03 03 02 02 02 02 01 01 01 01 01 01 01 01 01 01
01 01 01 01 01 01 01 01 01 01 02 05 05 05 05 05 05 05 05 05 05 05 05 05 05 05 05 05 05 05 05 05 05 11 10 12 05 05 05 05 14 14 14 14 14 14 14 14 14 21 10 12 05 11 10 10 12 05 11 10 22 14 14 14 14 14 14 14 17 05 11 10 12 05 05 05 02 02 02 02 02 02 02 02 03 03 02 02 02 02 01 01 01 01 01 01 01 01 01 01
01 01 01 01 01 01 01 01 01 01 02 05 05 05 05 05 05 05 05 05 05 05 05 05 05 05 05 05 05 05 05 05 05 11 10 12 05 05 05 05 05 05 05 05 05 05 05 05 05 11 10 12 05 11 10 10 12 05 11 10 12 05 05 05 05 05 05 05 05 05 11 10 12 05 05 05 02 02 02 02 02 02 02 02 03 03 02 02 02 02 01 01 01 01 01 01 01 01 01 01
01 01 01 01 01 01 01 01 01 01 02 05 05 05 05 05 05 05 05 05 05 05 05 05 05 05 05 05 05 05 05 05 05 11 10 20 13 13 13 13 13 13 13 13 13 13 13 13 13 19 10 12 05 11 10 10 12 05 11 10 20 13 13 13 13 13 13 13 13 13 19 10 12 05 05 05 02 02 02 02 02 02 02 02 03 03 02 02 02 02 01 01 01 01 01 01 01 01 01 01
01 01 01 01 01 01 01 01 01 01 02 05 05 05 05 05 05 05 05 05 05 05 05 05 05 05 05 05 05 05 05 05 05 11 10 10 10 10 10 10 10 10 10 10 10 10 10 10 10 10 10 12 05 11 10 10 12 05 11 10 10 10 10 10 10 10 10 10 10 10 10 10 12 05 05 05 02 02 02 02 02 02 02 02 03 03 02 02 02 02 01 01 01 01 01 01 01 01 01 01
01 01 01 01 01 01 01 01 01 01 02 05 05 05 05 05 05 05 05 05 05 05 05 05 05 05 05 05 05 05 05 05 05 18 14 14 14 14 14 14 14 14 14 14 14 14 14 14 14 14 14 17 05 11 10 10 12 05 18 14 14 14 14 14 14 14 14 14 14 14 14 14 17 05 03 03 02 02 02 02 02 02 02 02 03 03 02 02 02 02 01 01 01 01 01 01 01 01 01 01
01 01 01 01 01 01 01 01 01 01 02 05 05 05 05 05 05 05 05 05 05 05 05 05 05 05 05 05 05 05 05 05 05 05 05 05 05 05 05 05 05 05 05 05 05 05 05 05 05 05 05 05 05 11 10 10 12 05 05 05 05 05 05 05 05 05 05 05 05 05 05 05 05 05 03 03 02 02 02 02 02 02 02 02 03 03 02 02 02 02 01 01 01 01 01 01 01 01 01 01
01 01 01 01 01 01 01 01 01 01 02 05 05 05 05 05 05 05 05 05 05 05 05 05 05 05 05 05 05 05 05 05 05 05 05 05 05 05 05 05 05 05 05 05 05 05 05 05 05 05 05 05 05 11 10 10 12 05 05 05 05 05 05 05 05 05 05 05 05 05 05 05 05 05 03 03 02 02 02 02 02 02 02 02 03 03 02 02 02 02 01 01 01 01 01 01 01 01 01 01
01 01 01 01 01 01 01 01 01 01 02 05 05 05 05 05 05 05 05 05 05 05 05 05 05 05 05 05 05 05 05 05 05 05 05 05 05 05 05 05 05 05 05 05 05 05 05 05 05 05 05 05 05 11 10 10 12 05 05 05 05 05 05 05 05 05 05 05 05 05 05 05 05 05 03 03 02 02 02 02 02 02 02 02 03 03 02 02 02 02 01 01 01 01 01 01 01 01 01 01
01 01 01 01 01 01 01 01 01 01 02 05 05 05 05 05 05 05 05 05 05 05 05 05 05 05 05 05 05 05 05 05 05 05 05 05 05 05 05 05 05 05 05 05 05 05 05 05 05 05 05 05 05 11 10 10 12 05 05 05 05 05 05 05 05 05 05 05 05 05 05 05 05 05 03 03 02 02 02 02 02 02 02 02 03 03 02 02 02 02 01 01 01 01 01 01 01 01 01 01
01 01 01 01 01 01 01 01 01 01 02 05 05 05 05 05 05 05 05 05 05 05 05 05 05 05 05 05 05 05 05 05 05 05 05 05 05 05 05 05 05 05 05 05 05 05 05 05 05 05 05 05 05 11 10 10 12 05 05 05 05 05 05 05 05 05 05 05 05 05 05 05 05 05 03 03 02 02 02 02 02 02 02 02 03 03 02 02 02 02 01 01 01 01 01 01 01 01 01 01
01 01 01 01 01 01 01 01 01 01 02 24 24 24 24 24 24 24 24 24 24 03 03 03 03 03 03 03 03 03 06 03 03 03 03 03 03 03 03 03 03 03 06 03 03 03 03 03 03 03 03 03 03 11 10 10 12 09 03 03 07 03 03 03 03 03 06 03 03 03 03 03 03 03 03 03 02 02 02 02 02 02 02 02 03 03 02 02 02 02 01 01 01 01 01 01 01 01 01 01
01 01 01 01 01 01 01 01 01 01 02 24 03 03 03 03 03 03 03 03 24 06 03 03 03 03 09 03 03 03 03 03 03 03 03 03 03 03 03 03 06 03 03 03 03 03 03 03 03 03 06 03 03 11 10 10 12 03 03 03 03 03 03 03 03 03 03 03 03 03 03 03 03 03 03 03 02 02 02 02 02 02 02 02 03 03 02 02 02 02 01 01 01 01 01 01 01 01 01 01
01 01 01 01 01 01 01 01 01 01 02 24 03 03 03 03 03 03 03 03 24 03 03 03 03 04 04 04 04 04 04 04 04 04 04 04 04 04 04 04 04 03 03 03 03 03 03 03 03 03 03 03 03 11 10 10 12 03 03 03 03 03 03 03 03 03 03 03 03 03 07 03 03 03 03 03 02 02 02 02 02 02 02 02 03 03 02 02 02 02 01 01 01 01 01 01 01 01 01 01
01 01 01 01 01 01 01 01 01 01 02 24 03 03 03 03 03 03 03 03 24 06 03 03 03 04 04 04 04 04 04 04 04 04 04 04 04 04 04 04 04 03 03 03 03 03 08 03 03 03 03 03 03 11 10 10 12 03 03 08 03 03 03 03 03 03 08 03 03 03 03 03 03 03 03 03 02 02 02 02 02 02 02 02 03 03 02 02 02 02 01 01 01 01 01 01 01 01 01 01
01 01 01 01 01 01 01 01 01 01 02 24 03 03 03 03 03 03 03 03 24 03 03 03 03 04 04 04 04 04 04 04 04 04 04 04 04 04 04 04 04 03 03 03 03 03 03 15 13 13 13 13 13 19 10 10 12 03 03 03 03 03 03 03 03 03 03 03 03 03 03 03 03 03 03 03 03 03 03 03 03 02 02 02 03 03 02 02 02 02 01 01 01 01 01 01 01 01 01 01
01 01 01 01 01 01 01 01 01 01 02 24 03 03 03 03 03 03 03 03 24 03 03 03 03 04 04 04 04 04 04 04 04 04 04 04 04 04 04 04 04 03 06 03 03 03 03 11 10 10 10 10 10 10 10 10 12 03 03 07 03 03 03 08 03 03 03 03 08 03 03 03 03 07 03 03 03 03 03 06 03 02 02 02 03 03 02 02 02 02 01 01 01 01 01 01 01 01 01 01
01 01 01 01 01 01 01 01 01 01 02 24 03 03 03 03 03 03 03 03 03 03 03 03 03 04 04 04 04 04 04 04 04 04 04 04 04 04 04 04 04 03 03 03 03 03 03 11 10 10 10 10 10 10 10 10 12 03 03 03 03 03 03 03 03 03 03 03 03 03 03 03 03 03 03 03 03 03 03 03 03 02 02 02 03 03 02 02 02 02 01 01 01 01 01 01 01 01 01 01
01 01 01 01 01 01 01 01 01 01 02 24 03 03 03 03 03 03 03 03 24 03 15 13 13 13 13 13 13 13 13 13 13 13 13 13 13 13 13 13 13 13 13 13 13 13 13 19 10 10 22 14 14 14 14 14 17 03 03 03 03 03 03 03 03 03 03 03 03 03 03 23 23 23 23 23 23 23 23 23 03 02 02 02 03 03 02 02 02 02 01 01 01 01 01 01 01 01 01 01
01 01 01 01 01 01 01 01 01 01 02 24 03 03 03 03 03 03 03 03 24 03 11 10 10 10 10 10 10 10 10 10 10 10 10 10 10 10 10 10 10 10 10 10 10 10 10 10 10 10 12 07 03 03 03 03 03 03 03 03 03 03 03 03 03 03 03 03 03 03 03 23 03 03 03 03 03 03 03 23 07 02 02 02 03 03 02 02 02 02 01 01 01 01 01 01 01 01 01 01
01 01 01 01 01 01 01 01 01 01 02 24 03 03 03 03 03 03 03 03 24 03 18 14 14 14 14 14 14 14 14 14 14 14 14 14 14 14 14 14 14 14 14 14 14 14 14 14 14 14 17 03 03 03 03 09 03 03 03 03 03 03 03 03 03 03 03 03 03 03 03 23 03 03 03 03 03 03 03 23 03 02 02 02 03 03 02 02 02 02 01 01 01 01 01 01 01 01 01 01
01 01 01 01 01 01 01 01 01 01 02 24 03 03 03 03 03 03 03 03 24 03 03 03 03 03 03 03 03 03 03 03 07 03 03 03 03 03 03 03 03 03 03 03 03 03 03 03 03 03 09 03 03 03 03 03 03 03 03 03 03 03 03 03 03 03 03 03 03 03 03 23 03 03 03 03 03 03 03 23 03 02 02 02 03 03 02 02 02 02 01 01 01 01 01 01 01 01 01 01
01 01 01 01 01 01 01 01 01 01 02 24 24 24 24 24 24 24 24 24 24 03 06 03 03 03 03 03 03 03 03 03 03 03 03 03 03 03 03 03 03 03 08 03 03 03 03 03 03 03 03 07 03 03 03 03 03 03 03 03 03 03 03 03 03 03 03 03 03 03 03 23 03 03 03 03 03 03 03 23 03 02 02 02 03 03 02 02 02 02 01 01 01 01 01 01 01 01 01 01
01 01 01 01 01 01 01 01 01 01 02 25 25 25 25 25 25 25 25 25 25 25 25 25 25 25 25 25 25 25 25 03 03 25 25 25 25 25 25 25 25 25 25 25 25 25 25 25 03 03 25 25 25 25 25 25 25 25 25 25 25 25 25 25 25 25 25 25 03 03 03 23 03 03 03 03 03 03 03 23 03 25 25 25 03 03 25 25 25 02 01 01 01 01 01 01 01 01 01 01
01 01 01 01 01 01 01 01 01 01 02 25 25 25 25 25 25 25 25 25 25 25 25 25 25 25 25 25 25 25 25 03 03 25 25 25 25 25 25 25 25 25 25 25 25 25 25 25 03 03 25 25 25 25 25 25 25 25 25 25 25 25 25 25 25 25 25 25 03 03 03 23 03 03 03 03 03 03 03 23 03 25 25 25 03 03 25 25 25 02 01 01 01 01 01 01 01 01 01 01
01 01 01 01 01 01 01 01 01 01 02 25 25 25 25 25 25 25 25 25 25 25 25 25 25 25 25 25 25 25 25 03 03 25 25 25 25 25 25 25 25 25 25 25 25 25 25 25 03 03 25 25 25 25 25 03 03 03 03 03 03 03 03 25 25 25 25 25 03 03 03 23 03 03 03 03 03 03 03 23 03 25 25 25 03 03 25 25 25 02 01 01 01 01 01 01 01 01 01 01
01 01 01 01 01 01 01 01 01 01 02 25 25 25 25 25 25 25 25 25 25 25 25 25 25 25 25 25 25 25 25 03 03 25 25 25 25 25 25 25 25 25 25 25 25 25 25 25 03 03 25 25 25 25 25 03 03 03 03 03 03 03 03 25 25 25 25 25 03 03 03 23 03 03 03 03 03 03 03 23 03 25 25 25 03 03 25 25 25 02 01 01 01 01 01 01 01 01 01 01
01 01 01 01 01 01 01 01 01 01 02 25 25 25 25 25 25 25 25 25 25 25 25 25 25 25 25 25 25 25 25 03 03 25 25 25 25 25 25 25 25 25 25 25 25 25 25 25 03 03 25 25 25 25 25 03 03 03 03 03 03 03 03 25 25 25 25 25 03 03 03 23 03 03 03 03 03 03 03 23 03 25 25 25 03 03 25 25 25 02 01 01 01 01 01 01 01 01 01 01
01 01 01 01 01 01 01 01 01 01 02 25 25 25 25 25 25 25 25 25 25 25 25 25 25 25 25 25 25 25 25 03 03 25 25 25 25 25 25 25 25 25 25 25 25 25 25 25 03 03 25 25 25 25 25 03 03 03 03 03 03 03 03 25 25 25 25 25 03 03 03 23 23 23 23 03 23 23 23 23 03 25 25 25 03 03 25 25 25 02 01 01 01 01 01 01 01 01 01 01
01 01 01 01 01 01 01 01 01 01 02 25 25 25 25 25 25 25 25 25 25 25 25 25 25 25 25 25 25 25 25 03 03 25 25 25 25 25 25 25 25 25 25 25 25 25 25 25 03 03 25 25 25 25 25 03 03 03 03 03 03 03 03 25 25 25 25 25 03 03 03 25 25 25 25 03 25 25 25 25 03 25 25 25 03 03 25 25 25 02 01 01 01 01 01 01 01 01 01 01
01 01 01 01 01 01 01 01 01 01 02 25 25 25 25 25 25 25 25 25 25 25 25 25 25 25 25 25 25 25 25 03 03 25 25 25 25 25 25 25 25 25 25 25 25 25 25 25 08 08 25 25 25 25 25 03 03 03 03 03 03 03 03 25 25 25 25 25 03 03 03 25 25 25 25 03 25 25 25 25 03 25 25 25 03 03 25 25 25 02 01 01 01 01 01 01 01 01 01 01
01 01 01 01 01 01 01 01 01 01 02 25 25 25 25 25 25 25 25 25 25 25 25 25 25 25 25 25 25 25 25 03 03 25 25 25 25 25 25 25 25 25 25 25 25 25 25 25 25 25 25 25 25 25 25 03 03 03 03 03 03 03 03 25 25 25 25 25 03 03 03 25 25 25 25 03 25 25 25 25 03 25 25 25 03 03 25 25 25 02 01 01 01 01 01 01 01 01 01 01
01 01 01 01 01 01 01 01 01 01 02 25 25 25 25 25 25 25 25 25 25 25 25 25 25 25 25 25 25 25 25 03 03 25 25 25 25 25 25 25 25 25 25 25 25 25 25 25 03 03 25 25 25 25 25 03 03 03 03 03 03 03 03 25 25 25 25 25 03 03 03 25 25 25 25 03 25 25 25 25 03 25 25 25 03 03 25 25 25 02 01 01 01 01 01 01 01 01 01 01
01 01 01 01 01 01 01 01 01 01 02 25 25 25 25 25 25 25 03 03 03 03 03 03 03 03 03 03 03 03 03 03 03 25 25 25 25 25 25 25 25 25 25 25 25 25 25 25 03 03 25 25 25 25 25 03 03 03 03 03 03 03 03 25 25 25 25 25 03 03 03 25 25 25 03 03 03 25 25 25 03 25 25 25 03 03 25 25 25 02 01 01 01 01 01 01 01 01 01 01
01 01 01 01 01 01 01 01 01 01 02 25 25 25 25 25 25 25 03 03 03 03 03 03 03 03 03 03 03 03 03 03 03 25 25 25 25 25 25 25 25 25 25 25 25 25 25 25 03 03 25 25 25 25 25 03 03 03 03 03 03 03 03 25 25 25 25 25 03 03 03 25 25 25 03 03 03 25 25 25 03 25 25 25 03 03 25 25 25 02 01 01 01 01 01 01 01 01 01 01
01 01 01 01 01 01 01 01 01 01 02 25 25 25 25 25 25 25 03 03 25 25 25 25 25 25 25 25 25 25 25 25 25 25 25 25 25 25 25 25 25 25 25 25 25 25 25 25 03 03 25 25 25 25 25 03 03 03 03 03 03 03 03 25 25 25 25 25 03 03 03 25 25 25 03 03 03 25 25 25 03 25 25 25 03 03 25 25 25 02 01 01 01 01 01 01 01 01 01 01
01 01 01 01 01 01 01 01 01 01 02 25 25 25 25 25 25 25 03 03 25 25 25 25 25 25 25 25 25 25 25 25 25 25 25 25 25 25 25 25 25 25 25 25 25 25 25 25 03 03 25 25 25 25 25 03 03 03 03 03 03 03 03 25 25 25 25 25 03 03 03 25 25 25 03 03 03 25 25 25 03 25 25 25 03 03 25 25 25 02 01 01 01 01 01 01 01 01 01 01
01 01 01 01 01 01 01 01 01 01 02 25 25 25 25 25 25 25 09 03 25 25 25 25 25 25 25 25 25 25 25 25 25 25 25 25 25 25 25 25 25 25 25 25 25 25 25 25 03 03 25 25 25 25 25 03 03 03 03 03 03 03 03 25 25 25 25 25 03 03 03 25 25 25 03 03 03 25 25 25 03 25 25 25 03 03 25 25 25 02 01 01 01 01 01 01 01 01 01 01
01 01 01 01 01 01 01 01 01 01 02 25 25 25 25 25 25 25 03 03 25 25 25 25 25 25 25 25 25 25 25 25 25 25 25 25 25 25 25 25 25 25 25 25 25 25 25 25 03 03 25 25 25 25 25 03 03 03 03 03 03 03 03 25 25 25 25 25 03 03 03 25 25 25 03 03 03 25 25 25 03 25 25 25 03 03 25 25 25 02 01 01 01 01 01 01 01 01 01 01
01 01 01 01 01 01 01 01 01 01 02 25 25 25 25 25 25 25 03 03 25 25 25 25 25 25 25 25 25 25 25 25 25 25 25 25 25 25 25 25 25 25 25 25 25 25 25 25 03 03 25 25 25 25 25 03 03 03 03 03 03 03 03 25 25 25 25 25 03 03 03 25 25 25 03 03 03 25 25 25 03 25 25 25 03 03 25 25 25 02 01 01 01 01 01 01 01 01 01 01
01 01 01 01 01 01 01 01 01 01 02 25 25 25 25 25 25 25 03 03 25 25 25 25 25 25 25 25 25 25 25 25 25 25 25 25 25 25 25 25 25 25 25 25 25 25 25 25 03 03 25 25 25 25 25 03 03 03 03 03 03 03 03 25 25 25 25 25 03 03 03 25 25 25 03 03 03 25 25 25 03 25 25 25 03 03 25 25 25 02 01 01 01 01 01 01 01 01 01 01
01 01 01 01 01 01 01 01 01 01 02 25 25 25 25 25 25 25 03 03 25 25 25 25 25 25 25 25 25 25 25 25 25 25 25 25 25 25 25 25 25 25 25 25 25 25 25 25 03 03 25 25 25 25 25 03 03 03 03 03 03 03 03 25 25 25 25 25 03 03 03 25 25 25 03 03 03 25 25 25 03 25 25 25 03 03 25 25 25 02 01 01 01 01 01 01 01 01 01 01
01 01 01 01 01 01 01 01 01 01 02 25 25 25 25 25 25 25 03 03 25 25 25 25 25 25 25 25 25 25 25 25 25 25 25 25 25 25 25 25 25 25 25 25 25 25 25 25 03 03 25 25 25 25 25 03 03 03 03 03 03 03 03 25 25 25 25 25 03 03 03 25 25 25 03 03 03 25 25 25 03 25 25 25 03 03 25 25 25 02 01 01 01 01 01 01 01 01 01 01
01 01 01 01 01 01 01 01 01 01 02 25 25 25 25 25 25 25 03 03 25 25 25 25 25 25 25 25 25 25 25 25 25 25 25 25 25 25 25 25 25 25 25 25 25 25 25 25 03 03 25 25 25 25 25 03 03 03 03 03 03 03 03 25 25 25 25 25 03 03 03 25 25 25 03 03 03 25 25 25 03 25 25 25 03 03 25 25 25 02 01 01 01 01 01 01 01 01 01 01
01 01 01 01 01 01 01 01 01 01 02 25 25 25 25 25 25 25 03 03 25 25 25 25 25 25 25 25 25 25 25 25 25 25 25 25 25 25 25 25 25 25 25 25 25 25 25 25 03 03 25 25 25 25 25 03 03 03 03 03 03 03 03 25 25 25 25 25 03 03 03 25 25 25 03 03 03 25 25 25 03 25 25 25 03 03 25 25 25 02 01 01 01 01 01 01 01 01 01 01
01 01 01 01 01 01 01 01 01 01 02 25 25 25 25 25 25 25 03 03 25 25 25 25 25 25 25 25 25 25 25 25 25 25 25 25 25 25 25 25 25 25 25 25 25 25 25 25 03 03 25 25 25 25 25 03 03 03 03 03 03 03 03 25 25 25 25 25 03 03 03 25 25 25 03 03 03 25 25 25 03 25 25 25 03 06 25 25 25 02 01 01 01 01 01 01 01 01 01 01
01 01 01 01 01 01 01 01 01 01 02 25 25 25 25 25 25 25 03 03 25 25 25 25 25 25 25 25 25 25 25 25 25 25 25 25 25 25 25 25 25 25 25 25 25 25 25 25 03 03 25 25 25 25 25 03 03 03 03 03 03 03 03 25 25 25 25 25 03 03 03 25 25 25 03 03 03 25 25 25 03 25 25 25 03 03 25 25 25 02 01 01 01 01 01 01 01 01 01 01
01 01 01 01 01 01 01 01 01 01 02 25 25 25 25 25 25 25 03 03 25 25 25 25 25 25 25 25 25 25 25 25 25 25 25 25 25 25 25 25 25 25 25 25 25 25 25 25 03 03 25 25 25 25 25 03 03 03 03 03 03 03 03 25 25 25 25 25 03 03 03 03 03 03 03 03 03 25 25 25 03 25 25 25 03 03 25 25 25 02 01 01 01 01 01 01 01 01 01 01
01 01 01 01 01 01 01 01 01 01 02 25 25 25 25 25 25 25 03 03 25 25 25 25 25 25 25 25 25 25 25 25 25 25 25 25 25 25 25 25 25 25 25 25 25 25 25 25 03 03 25 25 25 25 25 03 03 03 03 03 03 03 03 25 25 25 25 25 03 03 03 03 03 03 03 03 03 25 25 25 03 25 25 25 03 03 25 25 25 02 01 01 01 01 01 01 01 01 01 01
01 01 01 01 01 01 01 01 01 01 02 25 25 25 25 25 25 25 03 03 25 25 25 25 25 25 25 25 25 25 25 25 25 25 25 25 25 25 25 25 25 25 25 25 25 25 25 25 03 03 25 25 25 25 25 03 03 03 03 03 03 03 03 25 25 25 25 25 03 03 03 03 03 03 03 03 03 25 25 25 03 25 25 25 03 03 25 25 25 02 01 01 01 01 01 01 01 01 01 01
01 01 01 01 01 01 01 01 01 01 02 25 25 25 25 25 25 25 03 03 25 25 25 25 25 25 25 25 25 25 25 25 25 25 25 25 25 25 25 25 25 25 25 25 25 25 25 25 03 03 25 25 25 25 25 25 25 25 03 03 25 25 25 25 25 25 25 25 25 25 25 25 25 25 25 25 25 25 25 25 03 25 25 25 03 03 25 25 25 02 01 01 01 01 01 01 01 01 01 01
01 01 01 01 01 01 01 01 01 01 02 25 25 25 25 25 25 25 03 03 25 25 25 25 25 25 25 25 25 25 25 25 25 25 25 25 25 25 25 25 25 25 25 25 25 25 25 25 03 03 25 25 25 25 25 25 25 25 03 03 25 25 25 25 25 25 25 25 25 25 25 25 25 25 25 25 25 25 25 25 03 25 25 25 03 03 25 25 25 02 01 01 01 01 01 01 01 01 01 01
01 01 01 01 01 01 01 01 01 01 02 25 25 25 25 25 25 25 03 03 25 25 25 25 25 25 25 25 25 25 25 25 25 25 25 25 25 25 25 25 25 25 25 25 25 25 25 25 03 03 25 25 25 25 25 25 25 25 03 03 03 03 03 03 03 03 03 03 03 03 03 03 03 03 03 03 03 03 03 03 03 25 25 25 03 03 25 25 25 02 01 01 01 01 01 01 01 01 01 01
01 01 01 01 01 01 01 01 01 01 02 25 25 25 25 25 25 25 03 03 25 25 25 25 25 25 25 25 25 25 25 25 25 25 25 25 25 25 25 25 25 25 25 25 25 25 25 25 03 03 25 25 25 25 25 25 25 25 25 25 25 25 25 25 25 25 25 25 25 25 25 25 25 25 25 25 25 25 25 25 25 25 25 25 03 03 25 25 25 02 01 01 01 01 01 01 01 01 01 01
01 01 01 01 01 01 01 01 01 01 02 25 25 25 25 25 25 25 03 03 25 25 25 25 25 25 25 25 25 25 25 25 25 25 25 25 25 25 25 25 25 25 25 25 25 25 25 25 03 03 25 25 25 25 25 25 25 25 25 25 25 25 25 25 25 25 25 25 25 25 25 25 25 25 25 25 25 25 25 25 25 25 25 25 03 03 25 25 25 02 01 01 01 01 01 01 01 01 01 01
01 01 01 01 01 01 01 01 01 01 02 25 25 25 25 25 25 25 03 03 03 03 03 03 03 03 03 03 03 03 08 03 03 03 03 03 03 03 03 03 03 03 03 03 03 03 03 03 03 03 03 03 03 03 03 03 03 03 03 03 03 03 03 03 03 07 03 03 03 03 03 03 03 03 03 03 03 03 03 03 03 03 03 03 03 03 25 25 25 02 01 01 01 01 01 01 01 01 01 01
01 01 01 01 01 01 01 01 01 01 02 25 25 25 25 25 25 25 03 03 03 03 03 03 03 03 03 03 03 03 03 03 03 03 03 03 03 03 03 03 03 03 03 03 03 03 03 03 03 03 03 03 03 03 03 03 03 03 03 03 03 03 07 03 03 03 03 03 03 03 03 03 03 03 03 03 03 03 03 03 03 03 03 03 03 03 25 25 25 02 01 01 01 01 01 01 01 01 01 01
01 01 01 01 01 01 01 01 01 01 02 25 25 25 25 25 25 25 25 25 25 25 25 25 25 25 25 25 25 25 25 25 25 25 25 25 25 25 25 25 25 25 25 25 25 25 25 25 25 25 25 25 25 25 25 25 25 25 25 25 25 25 25 25 25 25 25 25 25 25 25 25 25 25 25 25 25 25 25 25 25 25 25 25 25 25 25 25 25 02 01 01 01 01 01 01 01 01 01 01
01 01 01 01 01 01 01 01 01 01 02 25 25 25 25 25 25 25 25 25 25 25 25 25 25 25 25 25 25 25 25 25 25 25 25 25 25 25 25 25 25 25 25 25 25 25 25 25 25 25 25 25 25 25 25 25 25 25 25 25 25 25 25 25 25 25 25 25 25 25 25 25 25 25 25 25 25 25 25 25 25 25 25 25 25 25 25 25 25 02 01 01 01 01 01 01 01 01 01 01
01 01 01 01 01 01 01 01 01 01 02 25 25 25 25 25 25 25 25 25 25 25 25 25 25 25 25 25 25 25 25 25 25 25 25 25 25 25 25 25 25 25 25 25 25 25 25 25 25 25 25 25 25 25 25 25 25 25 25 25 25 25 25 25 25 25 25 25 25 25 25 25 25 25 25 25 25 25 25 25 25 25 25 25 25 25 25 25 25 02 01 01 01 01 01 01 01 01 01 01
01 01 01 01 01 01 01 01 01 01 02 02 02 02 02 02 02 02 02 02 02 02 02 02 02 02 02 02 02 02 02 02 02 02 02 02 02 02 02 02 02 02 02 02 02 02 02 02 02 02 02 02 02 02 02 02 02 02 02 02 02 02 02 02 02 02 02 02 02 02 02 02 02 02 02 02 02 02 02 02 02 02 02 02 02 02 02 02 02 02 01 01 01 01 01 01 01 01 01 01
01 01 01 01 01 01 01 01 01 01 01 01 01 01 01 01 01 01 01 01 01 01 01 01 01 01 01 01 01 01 01 01 01 01 01 01 01 01 01 01 01 01 01 01 01 01 01 01 01 01 01 01 01 01 01 01 01 01 01 01 01 01 01 01 01 01 01 01 01 01 01 01 01 01 01 01 01 01 01 01 01 01 01 01 01 01 01 01 01 01 01 01 01 01 01 01 01 01 01 01
01 01 01 01 01 01 01 01 01 01 01 01 01 01 01 01 01 01 01 01 01 01 01 01 01 01 01 01 01 01 01 01 01 01 01 01 01 01 01 01 01 01 01 01 01 01 01 01 01 01 01 01 01 01 01 01 01 01 01 01 01 01 01 01 01 01 01 01 01 01 01 01 01 01 01 01 01 01 01 01 01 01 01 01 01 01 01 01 01 01 01 01 01 01 01 01 01 01 01 01
01 01 01 01 01 01 01 01 01 01 01 01 01 01 01 01 01 01 01 01 01 01 01 01 01 01 01 01 01 01 01 01 01 01 01 01 01 01 01 01 01 01 01 01 01 01 01 01 01 01 01 01 01 01 01 01 01 01 01 01 01 01 01 01 01 01 01 01 01 01 01 01 01 01 01 01 01 01 01 01 01 01 01 01 01 01 01 01 01 01 01 01 01 01 01 01 01 01 01 01
01 01 01 01 01 01 01 01 01 01 01 01 01 01 01 01 01 01 01 01 01 01 01 01 01 01 01 01 01 01 01 01 01 01 01 01 01 01 01 01 01 01 01 01 01 01 01 01 01 01 01 01 01 01 01 01 01 01 01 01 01 01 01 01 01 01 01 01 01 01 01 01 01 01 01 01 01 01 01 01 01 01 01 01 01 01 01 01 01 01 01 01 01 01 01 01 01 01 01 01
01 01 01 01 01 01 01 01 01 01 01 01 01 01 01 01 01 01 01 01 01 01 01 01 01 01 01 01 01 01 01 01 01 01 01 01 01 01 01 01 01 01 01 01 01 01 01 01 01 01 01 01 01 01 01 01 01 01 01 01 01 01 01 01 01 01 01 01 01 01 01 01 01 01 01 01 01 01 01 01 01 01 01 01 01 01 01 01 01 01 01 01 01 01 01 01 01 01 01 01
01 01 01 01 01 01 01 01 01 01 01 01 01 01 01 01 01 01 01 01 01 01 01 01 01 01 01 01 01 01 01 01 01 01 01 01 01 01 01 01 01 01 01 01 01 01 01 01 01 01 01 01 01 01 01 01 01 01 01 01 01 01 01 01 01 01 01 01 01 01 01 01 01 01 01 01 01 01 01 01 01 01 01 01 01 01 01 01 01 01 01 01 01 01 01 01 01 01 01 01
01 01 01 01 01 01 01 01 01 01 01 01 01 01 01 01 01 01 01 01 01 01 01 01 01 01 01 01 01 01 01 01 01 01 01 01 01 01 01 01 01 01 01 01 01 01 01 01 01 01 01 01 01 01 01 01 01 01 01 01 01 01 01 01 01 01 01 01 01 01 01 01 01 01 01 01 01 01 01 01 01 01 01 01 01 01 01 01 01 01 01 01 01 01 01 01 01 01 01 01
01 01 01 01 01 01 01 01 01 01 01 01 01 01 01 01 01 01 01 01 01 01 01 01 01 01 01 01 01 01 01 01 01 01 01 01 01 01 01 01 01 01 01 01 01 01 01 01 01 01 01 01 01 01 01 01 01 01 01 01 01 01 01 01 01 01 01 01 01 01 01 01 01 01 01 01 01 01 01 01 01 01 01 01 01 01 01 01 01 01 01 01 01 01 01 01 01 01 01 01
01 01 01 01 01 01 01 01 01 01 01 01 01 01 01 01 01 01 01 01 01 01 01 01 01 01 01 01 01 01 01 01 01 01 01 01 01 01 01 01 01 01 01 01 01 01 01 01 01 01 01 01 01 01 01 01 01 01 01 01 01 01 01 01 01 01 01 01 01 01 01 01 01 01 01 01 01 01 01 01 01 01 01 01 01 01 01 01 01 01 01 01 01 01 01 01 01 01 01 01
01 01 01 01 01 01 01 01 01 01 01 01 01 01 01 01 01 01 01 01 01 01 01 01 01 01 01 01 01 01 01 01 01 01 01 01 01 01 01 01 01 01 01 01 01 01 01 01 01 01 01 01 01 01 01 01 01 01 01 01 01 01 01 01 01 01 01 01 01 01 01 01 01 01 01 01 01 01 01 01 01 01 01 01 01 01 01 01 01 01 01 01 01 01 01 01 01 01 01 01